t__p_o8_o24_t37_t2__l2

observed data from femprime/ [[7.6636, 17.476, 17.476, 21.790001], [7.8976002, 19.555201, 19.555201, 22.4076], [5.6896, 8.9280005, 8.9280005, 18.51], [7.8235998, 19.093599, 19.093599, 25.0284], [5.4400001, 9.7119999, 9.7119999, 22.2544], [7.8235998, 19.194401, 19.194401, 25.8444], [5.9264002, 12.4384, 12.4384, 25.9776]]

correct data from python[[7.97280000000000, 24.8880000000000, 24.8880000000000, 6.12000000000000], [11.4048000000000, 28.9496000000000, 28.9496000000000, 7.04480000000000], [-2.17920000000000, 10.6040000000000, 10.6040000000000, 1.88000000000000], [10.0528000000000, 32.5728000000000, 32.5728000000000, 11.5232000000000], [-2.88000000000000, 13.7760000000000, 13.7760000000000, 6.81120000000000], [10.0528000000000, 34.1712000000000, 34.1712000000000, 13.1312000000000], [-1.45280000000000, 20.4432000000000, 20.4432000000000, 13.4048000000000]]

 positions[[0.55, 0.71], [0.59, 0.84], [0.35, 0.24], [0.77, 0.79], [0.58, 0.2], [0.83, 0.79], [0.84, 0.28]]

Params(2)

-p_o8_o24_t37_t2__l2 hessian(addition)| F_s_d2,F_s_d2| 
		Rst: Z-3 RD  max diff: 16.63 sumdiff: 8.9912 89.8433% c:1.88000000000000 o:18.51

